c,3,10,5,10,0.8,1,1
c,5,9,3,9,0.8,1,1
s,3,8,2,2.5,0.5
s,2,8,2,2.5,1
s,1,8,2,2.5,1.5
s,1,7,2,2.5,2
s,1,6,2,2.5,2.5
s,2,6,2,2.5,3
s,3,6,2,2.5,3.5
s,4,6,2,2.5,4
s,5,6,2,2.5,4.5
s,5,5,2,2.5,5
s,5,4,2,2.5,5.5
s,5,3,2,2.5,6
s,4,3,2,2.5,6.5
s,3,3,2,2.5,7
s,2,3,2,2.5,7.5
s,2,2,2,2.5,8
s,2,1,2,2.5,8.5
s,3,1,2,2.5,9
s,4,1,2,2.5,9.5
s,5,1,2,2.5,10
s,6,1,2,2.5,10.5
s,7,1,2,2.5,11
s,8,1,2,2.5,11.5
s,8,2,2,2.5,12
s,8,3,2,2.5,12.5
s,8,4,2,2.5,13
s,8,5,2,2.5,13.5
s,7,5,2,2.5,14
s,7,6,2,2.5,14.5
s,7,7,2,2.5,15
s,8,7,2,2.5,15.5
s,8,8,2,2.5,16
s,8,9,2,2.5,16.5
s,7,9,2,2.5,17
s,6,9,2,2.5,17.5
s,6,10,2,2.5,18
s,6,11,2,2.5,18.5
s,7,11,2,2.5,19
s,8,11,2,2.5,19.5
s,9,11,2,2.5,20.0
s,10,11,2,2.5,20.5
p,4,11,0
g,11,11
